chi-squared: 54.26 for 47 dof with p-value 0.217
steady_state = 1.01782e+02 +- 3.24648e+00
offset = 7.76591e+02 +- 6.93145e+00
decay_time = 1.07734e+01 +- 2.22340e-01
