chi-squared: 19.71 for 47 dof with p-value 1.000
steady_state = 9.89330e+02 +- 1.97840e+01
offset = -1.13795e+02 +- 1.97654e+01
decay_time = 2.54218e+02 +- 8.00796e+01
