a = 2.434441759154451 +- 0.1459271950523622
chi-squared: 17.40 for 49 dof with p-value 1.000
a = 2.43444e+00 +- 1.45927e-01
b = 4.36653e-02 +- 2.55083e-02
chi-squared: 45.67 for 48 dof with p-value 0.569
A = 1.24481e-05 +- 2.36924e-07
mu = -8.97090e-04 +- 1.52904e-03
sigma = 6.93066e-02 +- 1.51261e-03
