sigma = 6.931e-02 +/- 1.513e-03 
chi-squared: 45.67 for 48 dof with p-value 0.569
A = 1.24481e-05 +- 2.36924e-07
mu = -8.97090e-04 +- 1.52904e-03
sigma = 6.93066e-02 +- 1.51261e-03
