chi-squared: 56.91 for 47.0 dof with p-value 0.153
a = -1.89715e+07 +- 3.78078e+05
b = 3.04349e+06 +- 5.67926e+05
c = 5.97798e+09 +- 1.75053e+05
