chi-squared: 127.33 for 96 dof with p-value 0.018
f0 = 5.98203e+09 +- 8.24256e+04
A = 6.63190e-04 +- 1.44000e-05
gamma = 3.93462e+06 +- 1.40260e+05
offset = 9.01520e-05 +- 4.01262e-06
