chi-squared: 401.08 for 293 dof with p-value 0.000
f01 = 5.84011e+09 +- 5.45137e+04
A1 = 2.28644e-04 +- 1.22915e-05
gamma1 = 1.21312e+06 +- 9.92685e+04
offset = -2.87042e-04 +- 7.55974e-07
f02 = 5.98327e+09 +- 1.15976e+05
A2 = 1.74262e-04 +- 7.84011e-06
gamma2 = 2.65435e+06 +- 1.72359e+05
