chi-squared: 107.84 for 96 dof with p-value 0.192
f0 = 5.98233e+09 +- 2.12995e+05
A = 1.84491e-04 +- 1.75061e-05
gamma = 2.24197e+06 +- 3.21879e+05
offset = -2.91162e-04 +- 3.28835e-06
