chi-squared: 882.06 for 293 dof with p-value 0.000
f01 = 5.97946e+09 +- 6.11718e+04
A1 = 7.76935e-04 +- 2.37875e-05
gamma1 = 1.96132e+06 +- 8.54273e+04
offset = 2.41042e-04 +- 1.74947e-06
f02 = 5.83506e+09 +- 4.57718e+04
A2 = 8.02353e-04 +- 2.68230e-05
gamma2 = 1.30993e+06 +- 6.32462e+04
anharmonicty = -2.88806e+08 +- 1.52801e+05
