chi-squared: 401.08 for 293 dof with p-value 0.000
f01 = 5.98327e+09 +- 1.15976e+05
A1 = 1.74262e-04 +- 7.84010e-06
gamma1 = 2.65435e+06 +- 1.72358e+05
offset = -2.87042e-04 +- 7.55974e-07
f02 = 5.84011e+09 +- 5.45137e+04
A2 = 2.28644e-04 +- 1.22915e-05
gamma2 = 1.21312e+06 +- 9.92683e+04
anharmonicty = -2.86319e+08 +- 2.56298e+05
