chi-squared: 85.54 for 96 dof with p-value 0.769
Amplitude = -5.87664e-04 +- 3.89923e-06
Frequency = 5.54590e+00 +- 1.17750e-02
Phase = -4.06622e-03 +- 7.75219e-03
offset = 7.76880e-04 +- 3.05453e-06
