chi-squared: 1201.39 for 182 dof with p-value 0.000
Amplitude = 2.60181e-04 +- 1.14857e-05
Frequency = 4.33006e+06 +- 1.41450e+00
Phase = 3.64708e-01 +- 2.59575e-02
offset = 7.99500e-04 +- 2.37959e-06
T2 = 1.56067e-06 +- 1.16257e-07
