chi-squared: 188.50 for 161 dof with p-value 0.068
Amplitude = 1.29900e-04 +- 2.17201e-06
Frequency = 5.01652e+06 +- 3.39729e+03
Phase = -1.00263e-03 +- 1.67711e-02
offset = -1.69752e-04 +- 6.03841e-07
T2 = 1.69875e-06 +- 5.92495e-08
