chi-squared: 621.01 for 179 dof with p-value 0.000
Amplitude1 = 2.52602e-04 +- 1.15859e-05
Frequency1 = 4.40050e+06 +- 1.41730e+00
Phase1 = 3.96978e-01 +- 3.75929e-02
Amplitude2 = 1.56321e-04 +- 9.88497e-06
Frequency2 = 5.00000e+06 +- 1.41485e+00
Phase2 = 3.98596e-01 +- 5.71422e-02
offset = -8.71766e-04 +- 2.87661e-06
T2 = 1.64514e-06 +- 1.18271e-07
