chi-squared: 31.63 for 149 dof with p-value 1.000
Amplitude = 4.27537e-02 +- 4.28633e-03
offset = 1.48885e-04 +- 2.25318e-04
kappa = 2.74293e+06 +- 1.91677e+05
