chi-squared: 6.46 for 139 dof with p-value 1.000
Amplitude = 1.81011e-01 +- 5.83780e-02
offset = 1.56591e-03 +- 8.81787e-04
kappa = 3.50566e+06 +- 5.08392e+05
