chi-squared: 95.49 for 72 dof with p-value 0.034
Amplitude = 1.38798e-03 +- 2.10499e-05
offset = -1.65994e-03 +- 5.65962e-06
T1 = 4.30197e-06 +- 1.23942e-07
