chi-squared: 81.17 for 72 dof with p-value 0.215
Amplitude = 3.04960e-04 +- 4.94602e-06
offset = -2.99034e-04 +- 9.67024e-07
T1 = 2.93790e-06 +- 8.11713e-08
