chi-squared: 300.56 for 182 dof with p-value 0.000
Amplitude = 5.63789e-04 +- 7.97834e-06
Frequency = 4.99924e+06 +- 1.86813e+03
Phase = 3.14444e+00 +- 1.49179e-02
offset = 8.04948e-04 +- 2.32533e-06
T2 = 2.85745e-06 +- 9.25388e-08
