chi-squared: 5016.06 for 1161 dof with p-value 0.000
Amplitude = 1.41231e-04 +- 6.25738e-06
Frequency = 5.54598e+06 +- 1.41453e+00
Phase = 2.01096e+00 +- 4.69901e-02
offset = -1.52053e-04 +- 4.09829e-07
T2 = 3.26924e-07 +- 1.64090e-08
